frame00049.png 1463,165,1694,293,0 2,86,98,345,0
frame01001.png 1715,255,1869,407,0 1221,249,1504,397,0 4,230,85,388,0 6,576,104,813,0
frame01701.png 1196,176,1510,370,0 1692,249,1896,405,0 4,613,119,786,0
frame05301.png 1656,257,1883,426,0 8,578,94,782,0
frame04501.png 1590,197,1796,361,0
frame04701.png 1342,190,1592,390,0
frame01301.png 1807,272,1903,409,0 257,470,437,698,0
frame02601.png 1779,274,1913,400,0
frame02701.png 1702,286,1888,413,0 1441,144,1549,329,0 1253,723,1425,884,0 20,237,196,344,0
frame01601.png 1222,188,1388,333,0 1627,264,1806,382,0 1229,693,1469,888,0
frame00701.png 859,137,1002,393,0 1020,205,1104,340,0
frame04401.png 610,227,963,335,0 1022,201,1239,360,0 1527,682,1718,797,0
frame00301.png 286,99,541,303,0 643,42,1041,233,0
